36391
36394
36395
36396
36397
36398
36399
36400
36401
36402
36403
36404
36405
36406
36408
36409
36410
36412
36413
36418
36419
36420
36422
36427
36428
36429
36430
36431
36432
36439
36440
36442
36444
36445
36447
36448
36449
36450
36452
36455
36456
36457
36458
36459
36460
36461
36462
36463
36464
36465
36466
36467
36471
36473
36474
36476
36477
36478
36480
36481
36482
36483
36484
36486
36488
36493
36494
36495
36497
36500
36501
36502
36503
36504
36506
36508
36514
36516
36517
36518
36519
36520
36522
36523
36524
36526
36529
36531
36532
36534
36536
36537
36538
36539
36541
36542
36544
36545
36546
36547
36549
36550
36551
36552
36553
36554
36557
36558
36559
36562
36564
36565
36566
36567
36568
36569
36570
36571
36572
36573
36576
36579
36580
36581
36582
36583
36590
36595
36596
36599
36600
36601
36602
36603
36604
36605
36607
36608
36609
36611
36618
36620
36621
36622
36623
36624
36625
36628
36631
36632
36633
36634
36635
36636
36637
36638
36639
36640
36641
36643
36644
36646
36647
36649
36652
36653
36654
36655
36656
36661
36662
36663
36664
36665
36666
36668
36670
36675
36677
36683
36684
36685
36693
36694
36695
36696
36697
36698
36699
36700
36704
36705
36707
36708
36711
36716
36718
36719
36720
36721
36723
36724
36728
36731
36732
36733
36735
36738
36743
36744
36745
36747
36750
36751
36752
36753
36754
36755
36756
36758
36759
36762
36765
36766
36767
36768
36771
36772
36773
36774
36775
36776
36779
36782
36784
36785
36786
36787
36789
36790
36791
36792
36794
36796
36798
36799
36800
36801
36803
36806
36807
36810
36811
36812
36813
36815
36817
36818
36821
36823
36826
36827
36829
36832
36833
36835
36837
36838
36839
36840
36844
36845
36847
36848
36849
36850
36851
36854
36857
36858
36859
36860
36861
36862
36863
36867
36868
36870
36871
36872
36873
36874
36875
36877
36878
36879
36880
36884
36885
36887
36889
36890
36891
36892
36893
36894
36895
36899
36901
36902
36904
36905
36906
36913
36915
36917
36931
36932
36934
36935
36943
36946
36947
36948
36949
36950
36952
36954
36956
36958
36960
36962
36966
36967
36970
36977
36978
36979
36980
36981
36985
36986
36987
36988
36989
36990
36991
36992
36993
36994
36995
36996
36997
36998
36999
37000
37001
37002
37003
37004
37006
37007
37009
37010
37014
37017
37019
37021
37023
37026
37028
37031
37032
37034
37035
37036
37038
37039
37040
37043
37044
37047
37049
37050
37051
37052
37054
37055
37058
37059
37060
37061
37062
37063
37064
37065
37068
37069
37074
37075
37076
37078
37079
37080
37083
37089
37091
37093
37094
37095
37096
37097
37098
37099
37100
37104
37105
37106
37107
37109
37119
37121
37122
37123
37126
37129
37134
37135
37136
37138
37141
37143
37146
37147
37148
37151
37155
37156
37162
37163
37164
37166
37167
37168
37169
37172
37175
37179
37181
37183
37184
37185
37187
37189
37190
37191
37193
37196
37197
37200
37203
37204
37205
37207
37211
37217
37220
37221
37225
37229
37232
37239
37242
37243
37244
37251
37252
37257
37258
37259
37267
37273
37274
37278
37282
37291
37295
37299
37302
37303
37305
37306
37313
37314
37318
37322
37324
37330
37331
37332
37333
37334
37335
37346
37347
37348
37349
37358
37359
37361
37362
37363
37365
37366
37371
37373
37374
37375
37376
37377
37379
37382
37383
37390
37392
37393
37395
37397
37411
37420
37421
37423
37427
37428
37429
37430
37431
37432
37433
37436
37437
37438
37439
37443
37446
37449
37451
37452
37453
37454
37455
37456
37458
37459
37460
37463
37464
37465
37468
37469
37470
37471
37472
37473
37476
37477
37479
37480
37483
37484
37485
37487
37488
37496
37499
37500
37502
37503
37504
37505
37506
37507
37509
37510
37511
37515
37516
37523
37524
37525
37526
37527
37528
37536
37539
37540
37544
37545
37546
37547
37550
37553
37562
37568
37576
37578
37591
37597
37600
37603
37607
37608
37614
37616
37617
37618
37619
37629
37630
37634
37635
37639
37641
37644
37646
37648
37650
37652
37654
37655
37657
37658
37659
37660
37662
37663
37664
37665
37666
37668
37669
37670
37671
37672
37676
37678
37683
37689
37690
37700
37702
37703
37704
37705
37710
37711
37712
37713
37714
37718
37721
37722
37723
37724
37729
37731
37732
37733
37734
37737
37742
37744
37745
37746
37748
37749
37751
37758
37759
37760
37762
37767
37771
37773
37775
37776
37779
37780
37781
37782
37783
37786
37788
37790
37791
37792
37793
37794
37798
37799
37800
37801
37805
37809
37811
37813
37817
37818
37819
37820
37822
37823
37824
37826
37828
37829
37830
37833
37834
37837
37839
37840
37841
37847
37854
37855
37859
37860
37861
37862
37864
37866
37867
37869
37872
37875
37876
37877
37879
37886
37888
37890
37892
37894
37900
37901
37903
37905
37907
37909
37914
37916
37918
37919
37921
37922
37926
37931
37933
37938
37940
37941
37942
37943
37944
37945
37951
37952
37954
37958
37959
37964
37967
37968
37970
37974
37975
37977
37980
37982
37985
37987
37988
37990
37994
37996
37999
38000
38001
38006
38008
38009
38011
38013
38016
38018
38023
38029
38030
38031
38032
38033
38034
38035
38037
38038
38039
38040
38043
38044
38048
38050
38054
38056
38060
38061
38063
38065
38066
38069
38071
38072
38073
38074
38077
38078
38079
38080
38081
38086
38087
38088
38096
38097
38099
38102
38104
38110
38114
38121
38122
38123
38125
38126
38127
38129
38130
38131
38133
38140
38142
38143
38144
38145
38146
38147
38148
38150
38151
38152
38154
38155
38156
38160
38161
38162
38163
38165
38167
38169
38170
38174
38176
38178
38181
38183
38184
38188
38190
38191
38192
38194
38201
38202
38204
38205
38206
38208
38210
38212
38217
38219
38220
38225
38226
38227
38228
38231
38233
38236
38237
38239
38240
38241
38243
38245
38246
38251
38252
38253
38254
38255
38257
38259
38261
38266
38267
38270
38273
38275
38284
38286
38288
38292
38297
38298
38299
38301
38304
38307
38309
38316
38319
38320
38321
38323
38324
38326
38328
38329
38330
38332
38344
38345
38348
38352
38356
38358
38362
38364
38370
38376
38378
38388
38395
38396
38398
38400
38402
38404
38406
38407
38408
38409
38411
38414
38415
38416
38419
38420
38422
38423
38425
38427
38428
38430
38431
38432
38433
38435
38436
38441
38443
38444
38446
38447
38448
38450
38454
38455
38466
38469
38472
38474
38475
38476
38482
38488
38489
38491
38493
38495
38498
38501
38502
38503
38505
38506
38508
38511
38514
38519
38522
38524
38525
38526
38530
38533
38536
38537
38538
38541
38547
38549
38550
38551
38552
38553
38554
38557
38558
38559
38565
38566
38567
38568
38570
38571
38572
38575
38576
38577
38580
38581
38582
38587
38591
38592
38593
38594
38596
38599
38601
38602
38606
38609
38610
38611
38614
38623
38624
38630
38633
38666
38669
38672
38684
38697
38698
38717
38721
38732
38739
38740
38741
38750
38754
38755
38756
38758
38761
38764
38767
38772
38782
38788
38792
38794
38803
38814
38816
38826
38833
38838
38840
38842
38843
38844
38848
38852
38853
38859
38861
38862
38868
38869
38872
38876
38881
38885
38894
38896
38897
38900
38901
38902
38904
38906
38907
38912
38913
38914
38916
38917
38919
38924
38926
38930
38932
38933
38934
38936
38938
38940
38946
38949
38952
38954
38957
38961
38965
38967
38968
38971
38984
38985
38991
38993
39009
39022
39023
39024
39038
39039
39041
39046
39049
39057
39059
39064
39071
39072
39073
39080
39084
39085
39093
39097
39099
39101
39102
39105
39109
39110
39111
39113
39117
39123
39124
39127
39128
39129
39130
39134
39135
39154
39164
39165
39170
39172
39173
39179
39181
39184
39186
39188
39189
39191
39194
39199
39210
39212
39213
39216
39231
39238
39240
39250
39252
39254
39256
39260
39271
39277
39288
39298
39300
39310
39316
39332
39336
39337
39341
39344
39350
39351
39352
39360
39361
39375
39409
39411
39423
39431
39436
39441
39451
39459
39461
39472
39483
39487
39495
39496
39497
39504
39507
39508
39512
39513
39521
39534
39536
39542
39546
39547
39563
39567
39569
39577
39580
39603
39605
39607
39609
39612
39618
39621
39622
39626
39629
39631
39633
39636
39638
39639
39640
39642
39647
39656
39660
39667
39671
39698
39701
39703
39711
39717
39719
39721
39725
39726
39736
39737
39742
39751
39772
39776
39781
39784
39785
39787
39789
39793
39794
39798
39799
39800
39801
39804
39806
39807
39810
39811
39812
39815
39816
39817
39823
39825
39826
39827
39829
39833
39835
39836
39837
39842
39844
39845
39846
39850
39851
39855
39858
39861
39863
39865
39867
39870
39871
39872
39874
39875
39876
39877
39884
39885
39890
39899
39901
39905
39908
39911
39912
39913
39914
39918
39919
39920
39921
39922
39924
39925
39929
39934
39935
39936
39939
39940
39945
39946
39947
39948
39949
39950
39951
39952
39953
39954
39955
39957
39958
39959
39960
39961
39962
39966
39967
39969
39970
39971
39972
39974
39976
39980
39982
39987
39988
39990
39991
39993
39997
39998
40000
40001
40002
40003
40004
40005
40007
40008
40009
40013
40016
40017
40018
40019
40021
40023
40024
40026
40027
40030
40031
40035
40037
40038
40047
40057
40064
40076
40078
40080
40081
40087
40088
40089
40090
40095
40097
40101
40108
40110
40111
40112
40113
40116
40118
40120
40123
40127
40130
40131
40132
40134
40136
40137
40138
40140
40142
40143
40144
40145
40148
40150
40151
40157
40159
40160
40161
40162
40167
40170
40175
40176
40178
40180
40183
40184
40187
40188
40189
40192
40196
40197
40200
40204
40205
40206
40207
40210
40211
40212
40213
40214
40220
40221
40223
40229
40230
40231
40235
40239
40240
40242
40243
40244
40245
40246
40247
40248
40249
40251
40253
40254
40255
40258
40260
40262
40263
40266
40268
40269
40270
40271
40273
40274
40276
40280
40281
40283
40284
40287
40290
40293
40294
40296
40297
40298
40301
40303
40304
40305
40306
40307
40311
40312
40313
40315
40318
40324
40325
40328
40329
40333
40334
40335
40336
40337
40340
40342
40343
40344
40347
40348
40349
40350
40351
40352
40353
40358
40360
40364
40366
40367
40368
40369
40374
40377
40379
40381
40382
40383
40385
40388
40389
40390
40391
40393
40395
40396
40397
40398
40399
40400
40402
40403
40404
40405
40406
40407
40409
40410
40411
40415
40416
40417
40420
40422
40423
40424
40427
40430
40431
40432
40437
40438
40439
40440
40443
40444
40446
40447
40448
40449
40450
40451
40452
40453
40454
40455
40457
40459
40461
40464
40465
40466
40470
40471
40472
40475
40476
40477
40479
40480
40481
40485
40486
40489
40491
40492
40493
40495
40497
40499
40500
40505
40506
40507
40508
40509
40511
40513
40514
40516
40518
40524
40525
40527
40529
40530
40531
40532
40533
40535
40536
40538
40539
40542
40543
40545
40549
40550
40556
40557
40558
40559
40560
40561
40564
40566
40568
40570
40574
40575
40578
40579
40580
40581
40583
40584
40586
40587
40588
40589
40593
40594
40595
40597
40598
40606
40607
40608
40611
40613
40614
40615
40616
40617
40618
40620
40621
40623
40624
40626
40627
40628
40629
40630
40633
40635
40636
40638
40639
40640
40641
40643
40644
40645
40648
40650
40652
40654
40655
40660
40664
40665
40666
40667
40668
40669
40670
40671
40676
40677
40678
40679
40682
40683
40684
40685
40688
40691
40695
40697
40703
40704
40705
40706
40710
40713
40717
40719
40720
40723
40724
40725
40732
40733
40735
40736
40737
40738
40740
40741
40743
40744
40747
40748
40749
40751
40752
40753
40758
40759
40760
40761
40762
40764
40765
40766
40767
40768
40772
40773
40774
40776
40777
40780
40781
40785
40793
40794
40796
40798
40799
40801
40803
40808
40809
40813
40823
40824
40825
40830
40832
40837
40840
40842
40845
40846
40848
40849
40850
40851
40853
40854
40855
40856
40861
40862
40865
40872
40874
40880
40881
40885
40888
40889
40891
40892
40894
40895
40896
40897
40900
40901
40903
40904
40905
40906
40909
40913
40914
40916
40918
40922
40925
40926
40929
40930
40931
40932
40935
40937
40939
40941
40942
40948
40949
40950
40952
40953
40954
40956
40958
40966
40967
40982
40983
40984
40985
40996
40997
40999
41009
41010
41012
41019
41024
41027
41029
41037
41040
41041
41042
41043
41047
41051
41052
41059
41062
41063
41064
41066
41067
41071
41073
41074
41075
41077
41079
41085
41089
41090
41092
41093
41096
41097
41098
41099
41104
41106
41107
41109
41119
41120
41121
41122
41123
41125
41127
41129
41130
41131
41134
41136
41137
41140
41141
41147
41148
41150
41151
41152
41153
41156
41159
41160
41161
41162
41165
41166
41167
41169
41170
41171
41172
41174
41175
41180
41184
41185
41189
41190
41191
41192
41193
41195
41197
41200
41202
41207
41208
41211
41213
41226
41227
41229
41237
41238
41239
41240
41241
41242
41245
41246
41247
41248
41249
41251
41252
41254
41256
41257
41260
41267
41269
41270
41271
41273
41274
41275
41278
41279
41280
41283
41284
41286
41287
41288
41290
41292
41293
41296
41303
41304
41306
41310
41311
41317
41332
41334
41341
41342
41350
41354
41357
41360
41361
41370
41372
41374
41378
41389
41395
41397
41398
41402
41407
41411
41413
41416
41417
41418
41423
41425
41426
41427
41428
41430
41436
41439
41440
41441
41444
41445
41448
41449
41450
41451
41452
41453
41454
41455
41459
41463
41469
41471
41472
41473
41474
41476
41478
41479
41481
41483
41484
41485
41494
41502
41503
41505
41507
41513
41514
41516
41517
41518
41519
41543
41545
41546
41548
41550
41551
41555
41556
41559
41560
41561
41564
41569
41571
41572
41574
41575
41576
41578
41580
41587
41590
41600
41602
41606
41607
41609
41613
41614
41615
41618
41619
41623
41635
41637
41645
41655
41657
41661
41662
41665
41666
41667
41673
41676
41677
41678
41684
41686
41691
41698
41702
41703
41708
41713
41730
41736
41739
41741
41742
41750
41751
41752
41755
41756
41757
41758
41759
41763
41765
41766
41767
41773
41777
41782
41783
41787
41788
41790
41794
41795
41796
41799
41801
41806
41807
41808
41809
41813
41816
41818
41821
41822
41823
41825
41826
41827
41828
41830
41831
41832
41833
41835
41836
41839
41844
41846
41847
41848
41849
41851
41852
41855
41857
41860
41862
41863
41864
41866
41868
41869
41870
41874
41882
41885
41887
41888
41892
41894
41897
41898
41901
41902
41908
41910
41914
41915
41919
41920
41923
41924
41925
41927
41930
41935
41938
41945
41949
41950
41961
41964
41971
41972
41974
41975
41977
41978
41980
41982
41984
41986
41995
42003
42007
42010
42015
42017
42018
42021
42024
42028
42035
42036
42037
42047
42049
42053
42056
42062
42063
42064
42065
42067
42068
42073
42080
42081
42083
42085
42086
42094
42097
42099
42106
42109
42111
42115
42125
42130
42131
42133
42137
42142
42148
42151
42152
42154
42155
42157
42162
42165
42167
42170
42171
42176
42178
42181
42182
42184
42185
42188
42189
42194
42195
42210
42219
42223
42227
42234
42238
42243
42248
42253
42257
42263
42265
42266
42271
42272
42274
42279
42280
42283
42294
42295
42301
42305
42307
42308
42311
42316
42318
42328
42333
42337
42338
42340
42342
42344
42353
42354
42359
42362
42370
42371
42375
42376
42380
42381
42382
42383
42384
42386
42389
42390
42398
42402
42404
42411
42414
42417
42425
42427
42429
42430
42435
42436
42438
42443
42445
42446
42449
42451
42457
42463
42464
42465
42466
42470
42471
42473
42477
42482
42486
42490
42491
42495
42496
42498
42499
42506
42507
42508
42517
42519
42526
42529
42531
42537
42538
42541
42550
42552
42554
42555
42558
42562
42563
42568
42569
42574
42575
42576
42579
42584
42586
42587
42595
42598
42599
42604
42605
42607
42609
42610
42613
42614
42615
42621
42622
42624
42628
42629
42631
42634
42637
42638
42646
42657
42658
42659
42661
42662
42663
42665
42669
42670
42671
42672
42673
42674
42675
42676
42682
42684
42685
42686
42690
42691
42695
42696
42700
42702
42703
42707
42708
42714
42715
42722
42726
42727
42732
42733
42735
42744
42746
42750
42752
42753
42757
42758
42759
42769
42770
42772
42773
42782
42784
42785
42787
42789
42793
42794
42796
42801
42802
42805
42806
42808
42809
42810
42813
42817
42818
42819
42823
42825
42828
42829
42834
42835
42838
42839
42851
42853
42857
42860
42861
42867
42868
42871
42873
42876
42880
42883
42890
42893
42894
42898
42902
42909
42912
42919
42920
42926
42934
42936
42939
42941
42944
42950
42951
42956
42957
42958
42962
42963
42970
42972
42973
42975
42976
42979
42980
42992
42995
43004
43005
43006
43007
43008
43009
43012
43018
43022
43023
43024
43030
43034
43035
43051
43055
43057
43060
43075
43088
43089
43091
43092
43093
43098
43100
43107
43110
43114
43115
43119
43120
43121
43122
43125
43128
43132
43136
43137
43141
43144
43146
43147
43150
43153
43161
43162
43167
43171
43176
43178
43182
43197
43198
43212
43218
43219
43220
43224
43231
43233
43237
43238
43240
43241
43242
43243
43248
43250
43255
43256
43257
43258
43259
43263
43264
43265
43269
43272
43274
43279
43285
43286
43289
43297
43299
43300
43301
43304
43305
43309
43310
43313
43315
43316
43317
43318
43320
43329
43330
43331
43338
43339
43340
43343
43345
43350
43354
43356
43357
43363
43364
43367
43370
43374
43378
43381
43383
43385
43386
43390
43394
43398
43401
43402
43406
43407
43415
43426
43427
43428
43429
43449
43453
43459
43461
43463
43465
43469
43475
43477
43482
43488
43492
43497
43506
43507
43520
43521
43522
43523
43533
43534
43537
43539
43546
43555
43556
43562
43568
43577
43578
43580
43586
43588
43589
43596
43598
43601
43603
43605
43623
43626
43628
43629
43630
43632
43633
43639
43645
43646
43647
43651
43653
43658
43664
43666
43670
43678
43679
43681
43684
43685
43692
43694
43696
43697
43699
43701
43702
43708
43710
43711
43712
43714
43721
43722
43725
43732
43735
43737
43740
43749
43754
43756
43768
43770
43774
43775
43780
43781
43787
43790
43799
43808
43815
43816
43817
43823
43836
43837
43839
43846
43850
43855
43861
43864
43866
43869
43881
43886
43888
43889
43891
43897
43898
43899
43905
43910
43913
43917
43918
43919
43921
43922
43924
43934
43935
43938
43940
43942
43943
43948
43949
43950
43951
43953
43954
43955
43956
43958
43960
43961
43963
43970
43982
43984
43986
43987
43988
43990
43991
43993
43996
44003
44005
44008
44010
44011
44012
44024
44026
44029
44031
44034
44035
44038
44048
44049
44053
44055
44066
44069
44070
44074
44075
44080
44087
44089
44095
44096
44098
44103
44105
44106
44108
44114
44115
44117
44123
44127
44128
44129
44133
44134
44136
44138
44139
44140
44142
44150
44151
44153
44155
44157
44161
44163
44164
44166
44171
44172
44174
44175
44176
44181
44183
44184
44191
44195
44197
44203
44210
44217
44218
44221
44228
44230
44231
44236
44237
44239
44240
44243
44244
44246
44247
44250
44251
44253
44254
44255
44260
44261
44263
44267
44273
44276
44277
44280
44281
44283
44284
44288
44294
44295
44299
44306
44307
44308
44310
44321
44322
44339
44340
44347
44348
44351
44355
44359
44360
44361
44362
44364
44366
44367
44371
44372
44376
44379
44380
44382
44387
44392
44398
44400
44405
44407
44409
44411
44412
44414
44417
44420
44423
44426
44430
44431
44434
44441
44444
44449
44450
44455
44457
44462
44463
44469
44474
44478
44479
44483
44489
44490
44493
44505
44512
44513
44515
44516
44517
44518
44520
44522
44523
44527
44532
44537
44539
44542
44546
44549
44553
44554
44558
44559
44561
44563
44567
44572
44576
44580
44581
44582
44583
44590
44592
44605
44612
44613
44614
44616
44618
44619
44621
44623
44625
44626
44627
44642
44643
44646
44651
44653
44654
44655
44658
44663
44666
44669
44671
44674
44677
44678
44679
44683
44685
44689
44692
44693
44694
44695
44696
44698
44700
44704
44713
44717
44722
44723
44725
44733
44734
44736
44737
44746
44747
44751
44752
44756
44757
44765
44768
44769
44771
44774
44775
44777
44779
44781
44787
44789
44794
44795
44796
44797
44799
44801
44802
44808
44809
44815
44818
44824
44832
44833
44834
44836
44837
44840
44842
44847
44849
44851
44854
44860
44861
44869
44872
44874
44876
44879
44881
44886
44895
44896
44906
44911
44913
44918
44922
44934
44937
44942
44943
44944
44945
44946
44947
44952
44953
44954
44957
44958
44959
44963
44966
44968
44970
44972
44973
44977
44982
44983
44984
44988
44990
44991
44995
44996
45000
45004
45006
45007
45009
45010
45011
45013
45014
45016
45018
45019
45023
45024
45025
45027
45028
45029
45030
45032
45033
45038
45039
45040
45041
45043
45044
45055
45056
45057
45061
45063
45066
45068
45069
45070
45071
45072
45073
45075
45076
45083
45089
45090
45091
45096
45097
45103
45105
45107
45108
45114
45119
45120
45121
45125
45126
45128
45129
45130
45131
45132
45133
45134
45138
45139
45144
45145
45146
45147
45148
45150
45151
45152
45155
45164
45165
45166
45167
45169
45170
45173
45176
45177
45179
45180
45181
45184
45190
45192
45202
45207
45209
45212
45213
45215
45217
45218
45219
45220
45223
45225
45229
45230
45234
45236
45237
45238
45241
45245
45246
45248
45253
45259
45261
45262
45264
45265
45266
45268
45269
45276
45278
45283
45284
45286
45288
45290
45291
45294
45299
45301
45310
45314
45318
45319
45323
45330
45331
45332
45333
45337
45339
45340
45341
45342
45347
45349
45350
45351
45352
45355
45356
45359
45363
45364
45366
45367
45370
45371
45375
45378
45379
45381
45383
45384
45387
45392
45395
45398
45399
45400
45404
45405
45406
45407
45410
45412
45413
45417
45419
45421
45426
45428
45429
45433
45434
45435
45437
45438
45439
45440
45443
45448
45449
45453
45455
45459
45461
45462
45464
45472
45473
45476
45480
45481
45485
45486
45494
45495
45498
45504
45514
45515
45518
45519
45520
45522
45523
45525
45527
45528
45531
45547
45550
45558
45561
45563
45565
45566
45568
45570
45571
45572
45582
45583
45584
45586
45588
45589
45592
45594
45595
45597
45598
45599
45606
45613
45615
45616
45619
45621
45622
45624
45625
45626
45635
45636
45639
45643
45645
45649
45651
45660
45668
45675
45679
45682
45687
45694
45700
45701
45702
45706
45707
45708
45713
45715
45717
45718
45719
45720
45725
45727
45730
45733
45737
45743
45744
45745
45748
45749
45751
45753
45758
45759
45771
45772
45779
45780
45798
45800
45801
45802
45804
45820
45837
45839
45843
45846
45857
45865
45867
45871
45873
45876
45877
45878
45879
45892
45900
45904
45912
45913
45924
45931
45933
45935
45937
45938
45940
45942
45943
45944
45948
45957
45959
45964
45965
45966
45969
45971
45974
45976
45980
45999
46000
46001
46003
46004
46005
46010
46015
46020
46021
46022
46030
46034
46043
46044
46045
46050
46051
46052
46053
46058
46059
46060
46061
46064
46067
46069
46074
46075
46078
46081
46082
46083
46092
46095
46096
46104
46107
46110
46113
46114
46120
46121
46125
46129
46130
46131
46134
46141
46143
46147
46149
46151
46152
46154
46157
46158
46159
46160
46161
46165
46172
46175
46177
46181
46182
46183
46186
46187
46188
46190
46191
46192
46197
46198
46199
46200
46202
46206
46207
46216
46217
46218
46219
46224
46225
46237
46240
46241
46244
46245
46246
46247
46255
46259
46263
46276
46277
46278
46282
46287
46296
46297
46298
46300
46307
46309
46310
46312
46315
46322
46329
46331
46336
46340
46342
46343
46345
46354
46355
46358
46359
46367
46372
46373
46374
46375
46378
46379
46381
46390
46393
46394
46395
46396
46397
46398
46402
46403
46405
46408
46413
46417
46424
46429
46430
46433
46434
46435
46442
46445
46452
46454
46458
46459
46475
46480
46484
46485
46488
46495
46496
46497
46508
46509
46511
46513
46515
46518
46522
46525
46527
46529
46532
46533
46534
46537
46539
46540
46544
46557
46558
46559
46560
46561
46562
46563
46564
46568
46569
46571
46577
46584
46585
46587
46588
46590
46597
46605
46607
46608
46609
46611
46616
46631
46634
46644
46660
46661
46666
46671
46673
46674
46675
46677
46682
46684
46688
46690
46699
46700
46702
46709
46710
46711
46718
46719
46724
46726
46732
46738
46748
46749
46757
46768
46782
46784
46788
46790
46791
46792
46800
46805
46807
46811
46812
46814
46815
46816
46818
46819
46821
46822
46830
46834
46843
46846
46849
46861
46863
46870
46871
46872
46879
46882
46888
46890
46908
46925
46936
46937
46946
46948
46949
46950
46951
46954
46977
46985
46986
46989
46990
47012
47016
47019
47022
47026
47027
47033
47037
47048
47055
47058
47064
47068
47077
47078
47085
47090
47096
47115
47120
47127
47129
47148
47151
47154
47166
47168
47182
47190
47211
47212
47217
47233
47247
47258
47271
47272
47313
47314
47315
47317
47324
47334
47335
47343
47347
47351
47353
47362
47368
47369
47370
47376
47382
47383
47385
47387
47388
47407
47413
47414
47416
47421
47424
47431
47437
47445
47464
47466
47471
47479
47497
47504
47507
47515
47533
47563
47566
47572
47575
47603
47609
47610
47614
47618
47621
47634
47636
47637
47644
47647
47655
47657
47674
47675
47680
47683
47688
47690
47713
47736
47740
47741
47755
47762
47763
47779
47799
47815
47819
47823
47831
47836
47863
47866
47871
47904
47905
47925
47927
47930
47935
47958
47983
47984
47985
47991
47992
47994
47995
48004
48005
48006
48009
48012
48019
48020
48021
48023
48024
48028
48033
48036
48037
48038
48039
48042
48048
48049
48050
48053
48062
48063
48066
48067
48068
48070
48079
48108
48113
48116
48129
48148
48149
48150
48155
48158
48171
48172
48173
48179
48184
48188
48189
48198
48199
48200
48205
48213
48214
48223
48224
48225
48230
48231
48238
48246
48250
48254
48255
48271
48273
48275
48277
48281
48282
48285
48293
48294
48295
48296
48310
48312
48313
48315
48321
48323
48325
48329
48331
48339
48348
48349
48377
48385
48390
48400
48410
48416
48417
48436
48437
48439
48447
48458
48460
48464
48465
48466
48472
48474
48478
48489
48490
48491
48499
48504
48514
48515
48517
48518
48533
48537
48540
48542
48557
48558
48563
48569
48571
48574
48575
48578
48596
48598
48605
48610
48618
48620
48632
48636
48648
48655
48656
48660
48675
48676
48678
48691
48693
48694
48699
48712
48717
48718
48722
48738
48739
48741
48744
48750
48751
48752
48764
48765
48766
48778
48782
48783
48790
48797
48798
48799
48801
48811
48812
48835
48844
48852
48855
48874
48875
48878
48884
48887
48890
48895
48896
48897
48927
48928
48932
48938
48945
48946
48961
48967
48968
48969
48974
48975
48976
48977
48979
48987
48992
48995
48998
49015
49016
49017
49019
49020
49021
49036
49040
49041
49055
49058
49063
49064
49076
49079
49081
49085
49087
49091
49093
49096
49099
49105
49111
49112
49121
49122
49127
49138
49142
49143
49145
49148
49153
49157
49158
49159
49160
49169
49172
49177
49181
49184
49189
49190
49191
49196
49200
49202
49204
49206
49211
49212
49213
49214
49215
49216
49217
49218
49219
49220
49223
49224
49226
49227
49236
49240
49247
49248
49249
49250
49253
49255
49258
49259
49264
49265
49266
49280
49283
49284
49286
49289
49290
49295
49296
49299
49300
49304
49305
49317
49330
49331
49351
49352
49366
49373
49382
49383
49385
49386
49388
49389
49393
49397
49408
49409
49412
49416
49419
49423
49428
49432
49435
49440
49441
49445
49457
49459
49460
49462
49466
49469
49470
49485
49486
49487
49494
49496
49499
49500
49509
49521
49543
49545
49549
49566
49568
49570
49594
49602
49631
49635
49636
49640
49649
49651
49652
49665
49672
49688
49692
49694
49699
49714
49721
49745
49761
49762
49763
49766
49776
49777
49797
49801
49806
49821
49823
49836
49845
49847
49877
49890
49896
49897
49898
49899
49900
49901
49902
49917
49918
49938
49939
49941
49943
49949
49976
49977
49993
50003
50006
50011
50020
50027
50030
50035
50046
50053
50054
50059
50063
50067
50068
50076
50077
50082
50083
50091
50093
50096
50101
50111
50115
50116
50128
50131
50132
50135
50152
50154
50162
50165
50167
50174
50175
50191
50192
50202
50203
50204
50215
50216
50217
50231
50236
50258
50260
50269
50270
50273
50277
50279
50296
50306
50309
50319
50325
50345
50347
50348
50349
50361
50366
50367
50373
50393
50396
50397
50400
50418
50419
50422
50435
50440
50444
50451
50470
50480
50481
50485
50487
50488
50495
50501
50502
50507
50512
50514
50515
50518
50532
50533
50535
50536
50537
50554
50557
50558
50560
50563
50567
50569
50586
50615
50618
50623
50636
50638
50640
50648
50660
50661
50662
50674
50676
50677
50689
50690
50702
50707
50713
50718
50730
50735
50739
50744
50745
50746
50747
50748
50776
50780
50792
50801
50802
50817
50818
50819
50822
50823
50836
50839
50842
50846
50847
50859
50869
50880
50885
50887
50903
50905
50917
50924
50925
50927
50929
50952
50953
50987
50991
51009
51016
51018
51022
51031
51032
51033
51039
51040
51046
51068
51081
51085
51100
51125
51126
51130
51132
51151
51152
51153
51155
51171
51172
51174
51179
51181
51201
51214
51215
51224
51225
51226
51234
51235
51241
51263
51264
51269
51280
51284
51315
51325
51327
51334
51340
51352
51353
51354
51362
51372
51373
51375
51379
51415
51422
51432
51433
51444
51461
51462
51465
51500
51530
51562
51565
51569
51580
51581
51582
51583
51584
51640
51641
51656
51677
51678
51681
51696
51697
51746
51765
51785
51795
51816
51817
51818
51827
51833
51834
51884
51885
51895
51901
51910
51914
51944
51946
51980
52004
52017
52023
52024
52035
52039
52048
52069
52076
52077
52085
52113
52128
52130
52131
52137
52139
52141
52145
52146
52147
52149
52161
52171
52185
52209
52210
52213
52215
52224
52225
52253
52256
52258
52260
52262
52263
52264
52266
52267
52273
52279
52282
52284
52290
52297
52298
52299
52300
52323
52327
52331
52332
52335
52341
52342
52358
52360
52366
52379
52396
52408
52416
52421
52430
52431
52432
52433
52442
52447
52448
52450
52451
52452
52476
52510
52533
52534
52540
52543
52558
52563
52579
52591
52596
52606
52622
52625
52632
52662
52677
52682
52684
52693
52706
52711
52717
52727
52730
52732
52743
52749
52751
52784
52800
52801
52803
52804
52834
52839
52840
52841
52851
52866
52873
52877
52891
52902
52904
52925
52926
52957
52958
52966
52973
52974
52975
52977
52978
52979
52982
52984
52993
52999
53002
53003
53006
53007
53022
53039
53041
53046
53050
53055
53066
53072
53075
53085
53106
53125
53137
53140
53141
53158
53166
53174
53194
53200
53201
53209
53210
53223
53224
53242
53253
53254
53255
53261
53262
53263
53264
53274
53275
53278
53280
53288
53289
53293
53331
53341
53342
53349
53363
53364
53367
53390
53392
53393
53398
53405
53445
53448
53449
53456
53457
53461
53464
53465
53472
53500
53503
53513
53514
53527
53529
53542
53545
53546
53547
53557
53558
53567
53569
53570
53577
53578
53582
53588
53596
53597
53600
53602
53607
53608
53616
53617
53618
53636
53640
53655
53660
53674
53676
53683
53697
53699
53707
53720
53722
53723
53725
53735
53736
53737
53738
53742
53750
53751
53755
53762
53782
53783
53791
53799
53800
53817
53826
53832
53841
53848
53850
53863
53867
53881
53899
53900
53903
53912
53914
53920
53921
53922
53926
53935
53938
53950
53951
53967
53970
53991
53993
53997
54008
54022
54041
54042
54044
54051
54057
54065
54087
54104
54112
54125
54126
54133
54138
54139
54140
54143
54144
54146
54159
54164
54183
54190
54192
54193
54194
54204
54205
54208
54209
54218
54220
54223
54225
54226
54235
54237
54256
54269
54287
54291
54292
54299
54300
54310
54311
54315
54323
54326
54327
54332
54337
54341
54351
54352
54366
54372
54373
54405
54409
54410
54411
54427
54449
54450
54457
54465
54472
54477
54480
54481
54482
54497
54505
54506
54518
54521
54523
54532
54535
54538
54546
54552
54574
54575
54596
54597
54609
54614
54615
54624
54632
54655
54657
54663
54664
54675
54682
54685
54689
54701
54708
54709
54715
54719
54729
54731
54743
54744
54745
54746
54756
54769
54771
54784
54785
54793
54802
54803
54804
54805
54806
54809
54814
54834
54842
54846
54849
54850
54851
54861
54865
54866
54867
54868
54876
54885
54893
54894
54899
54900
54901
54902
54912
54915
54919
54948
54949
54950
54960
54970
54982
54994
55007
55010
55013
55015
55029
55031
55062
55091
55101
55129
55130
55146
55152
55173
55188
55190
55191
55192
55201
55207
55220
55222
55241
55242
55248
55250
55251
55254
55262
55263
55264
55265
55266
55271
55286
55287
55299
55300
55311
55317
55318
55319
55321
55322
55332
55335
55339
55340
55349
55350
55351
55352
55353
55362
55363
55365
55371
55372
55379
55381
55389
55390
55392
55393
55394
55396
55406
55407
55408
55410
55421
55423
55428
55430
55431
55437
55467
55468
55469
55485
55486
55487
55488
55489
55490
55493
55502
55503
55504
55509
55510
55511
55512
55513
55514
55515
55518
55519
55520
55541
55542
55543
55544
55545
55546
55555
55557
55563
55564
55569
55574
55583
55584
55586
55587
55591
55594
55598
55599
55600
55601
55602
55605
55611
55615
55622
55623
55624
55626
55627
55628
55632
55650
55651
55663
55670
55672
55673
55674
55678
55679
55690
55691
55693
55694
55697
55698
55701
55712
55720
55725
55726
55727
55729
55730
55743
55744
55745
55746
55748
55754
55755
55756
55757
55758
55759
55772
55773
55777
55778
55788
55791
55792
55793
55794
55805
55806
55813
55814
55819
55822
55828
55833
55837
55838
55839
55849
55850
55861
55862
55863
55864
55874
55875
55877
55883
55884
55885
55886
55889
55896
55897
55898
55899
55900
55902
55911
55913
55914
55928
55929
55930
55931
55932
55939
55941
55942
55958
55964
55968
55971
55973
55974
55976
55981
55991
55992
55996
55997
56012
56013
56018
56021
56025
56026
56037
56040
56041
56043
56044
56047
56048
56049
56051
56052
56055
56056
56057
56060
56066
56067
56070
56100
56111
56112
56121
56122
56125
56127
56133
56134
56135
56136
56154
56156
56158
56160
56176
56177
56179
56180
56181
56192
56194
56206
56208
56215
56216
56236
56255
56265
56266
56267
56272
56284
56285
56286
56292
56302
56307
56316
56317
56318
56320
56321
56322
56323
56324
56326
56328
56349
56355
56365
56367
56368
56375
56376
56377
56392
56394
56395
56396
56400
56405
56406
56408
56409
56412
56413
56414
56417
56422
56425
56426
56435
56437
56440
56447
56448
56451
56452
56453
56466
56469
56470
56471
56474
56477
56478
56479
56485
56489
56490
56492
56497
56501
56504
56505
56508
56509
56513
56514
56521
56524
56533
56546
56548
56550
56557
56559
56560
56579
56581
56583
56589
56596
56624
56625
56629
56630
56631
56635
56646
56653
56658
56663
56670
56674
56680
56682
56691
56692
56695
56700
56704
56727
56735
56737
56739
56752
56755
56760
56776
56777
56778
56783
56798
56801
56807
56819
56821
56826
56829
56830
56834
56841
56846
56850
56852
56868
56874
56893
56894
56895
56896
56904
56905
56934
56935
56939
56940
56957
56959
56961
56977
56978
56983
56987
56988
56989
56990
56996
57006
57007
57014
57018
57019
57022
57023
57026
57027
57033
57034
57035
57037
57038
57045
57046
57052
57055
57056
57057
57065
57067
57075
57076
57077
57078
57079
57082
57083
57088
57089
57090
57093
57094
57095
57096
57097
57099
57102
57104
57105
57112
57113
57119
57121
57132
57134
57138
57144
57146
57157
57160
57164
57166
57177
57178
57182
57183
57184
57185
57186
57197
57198
57209
57220
57221
57234
57242
57246
57250
57256
57269
57270
57271
57282
57284
57294
57295
57302
57307
57309
57317
57318
57319
57325
57329
57332
57333
57337
57338
57343
57347
57363
57369
57370
57373
57379
57382
57386
57390
57392
57399
57406
57408
57419
57424
57425
57426
57440
57448
57450
57452
57453
57462
57463
57478
57479
57480
57483
57485
57492
57495
57502
57503
57513
57514
57530
57531
57535
57539
57553
57554
57560
57562
57564
57571
57582
57583
57584
57585
57591
57599
57604
57611
57613
57614
57615
57617
57621
57625
57627
57629
57630
57636
57638
57642
57644
57645
57646
57647
57657
57659
57663
57664
57665
57675
57678
57679
57680
57689
57702
57708
57709
57713
57720
57723
57733
57740
57741
57743
57750
57756
57760
57765
57767
57768
57770
57772
57775
57778
57779
57793
57795
57797
57803
57807
57809
57811
57844
57847
57851
57854
57857
57858
57866
57868
57880
57884
57888
57889
57890
57891
57894
57898
57903
57906
57912
57913
57926
57935
57936
57940
57941
57947
57950
57952
57954
57956
57957
57959
57961
57962
57966
57967
57968
57973
57977
57991
58000
58005
58007
58014
58015
58016
58034
58035
58037
58038
58044
58050
58052
58056
58063
58073
58080
58105
58106
58109
58111
58115
58130
58131
58132
58134
58144
58153
58172
58187
58188
58207
58220
58222
58223
58225
58236
58240
58242
58245
58249
58253
58254
58259
58260
58261
58263
58271
58275
58276
58288
58296
58307
58310
58311
58318
58333
58334
58340
58341
58343
58345
58352
58353
58362
58363
58364
58368
58370
58381
58404
58411
58424
58430
58431
58432
58457
58458
58463
58464
58465
58473
58476
58479
58493
58499
58500
58501
58503
58504
58514
58515
58518
58519
58530
58537
58539
58540
58548
58554
58573
58578
58579
58580
58593
58615
58616
58619
58628
58641
58643
58648
58650
58662
58710
58723
58727
58732
58741
58746
58753
58754
58769
58770
58771
58790
58795
58798
58801
58806
58807
58808
58809
58817
58824
58826
58827
58828
58844
58845
58847
58850
58871
58873
58874
58877
58893
58894
58904
58908
58909
58910
58914
58926
58927
58928
58929
58930
58939
58942
58946
58955
58958
58977
58978
58979
58986
58987
59003
59012
59020
59025
59029
59048
59049
59063
59070
59080
59083
59088
59089
59091
59095
59108
59109
59110
59116
59117
59131
59134
59135
59141
59142
59143
59144
59150
59156
59158
59163
59164
59170
59171
59173
59175
59176
59181
59191
59193
59198
59215
59223
59228
59230
59247
59249
59250
59265
59272
59295
59297
59300
59308
59309
59310
59317
59338
59339
59350
59352
59353
59357
59374
59376
59393
59396
59404
59420
59427
59428
59429
59433
59440
59452
59456
59457
59458
59459
59473
59477
59478
59494
59495
59496
59500
59501
59503
59506
59509
59512
59514
59517
59521
59526
59534
59536
59542
59548
59555
59561
59564
59566
59569
59571
59574
59588
59601
59606
59609
59610
59613
59618
59619
59628
59630
59635
59636
59637
59639
59647
59650
59652
59657
59660
59664
59669
59670
59671
59672
59674
59675
59676
59677
59690
59691
59693
59695
59696
59697
59698
59699
59700
59701
59702
59703
59704
59705
59706
59707
59708
59709
59710
59711
59712
59713
59714
59715
59716
59717
59718
59719
59720
59721
59723
59726
59728
59731
59732
59737
59742
59743
59744
59745
59752
59756
59757
59760
59771
59772
59780
59781
59793
59801
59802
59803
59804
59805
59806
59807
59808
59809
59810
59811
59812
59813
59814
59815
59816
59817
59818
59819
59820
59821
59829
59830
59837
59849
59852
59871
59872
59873
59874
59878
59879
59880
59889
59890
59893
59899
59903
59905
59906
59925
59930
59932
59941
59942
59943
59953
59974
59983
59993
60000
60015
60018
60019
60035
60037
60051
60052
60054
60094
60103
60105
60106
60107
60114
60115
60121
60124
60125
60131
60144
60145
60151
60156
60160
60179
60180
60184
60194
60200
60201
60202
60204
60205
60217
60218
60230
60233
60234
60248
60256
60279
60281
60309
60310
60311
60312
60314
60324
60337
60340
60348
60351
60352
60367
60369
60370
60372
60373
60375
60376
60386
60395
60406
60427
60428
60468
60471
60485
60486
60490
60492
60499
60507
60511
60512
60516
60525
60526
60528
60541
60564
60567
60568
60569
60572
60573
60574
60576
60577
60578
60579
60580
60581
60582
60587
60589
60590
60591
60592
60593
60594
60596
60597
60605
60614
60630
60631
60657
60670
60683
60690
60731
60736
60737
60738
60743
60748
60773
60774
60775
60782
60783
60784
60796
60812
60821
60824
60832
60836
60849
60850
60851
60853
60861
60864
60865
60866
60895
60904
60907
60920
60927
60930
60936
60940
60944
60948
60952
60955
60956
60970
60971
60979
60980
60982
60983
60984
60999
61007
61013
61014
61016
61021
61026
61049
61063
61066
61068
61071
61099
61100
61109
61111
61113
61116
61120
61121
61122
61137
61147
61151
61152
61153
61169
61170
61191
61193
61210
61211
61212
61213
61214
61215
61222
61227
61232
61249
61269
61289
61290
61304
61308
61314
61315
61326
61327
61329
61331
61339
61340
61342
61344
61345
61348
61354
61356
61357
61378
61379
61387
61390
61391
61398
61399
61406
61407
61409
61415
61416
61419
61420
61437
61440
61443
61449
61450
61451
61454
61459
61460
61470
61477
61478
61479
61487
61488
61489
61491
61493
61511
61519
61524
61525
61535
61568
61581
61600
61622
61624
61626
61638
61640
61643
61651
61673
61684
61694
61695
61707
61714
61717
61730
61735
61739
61745
61746
61750
61753
61755
61774
61775
61778
61789
61797
61798
61807
61808
61809
61818
61827
61845
61846
61847
61848
61871
61873
61874
61875
61876
61879
61880
61881
61889
61890
61891
61892
61893
61900
61908
61941
61954
61956
61957
61958
61968
61973
61976
61978
61988
61990
62009
62010
62016
62017
62019
62032
62038
62039
62040
62050
62053
62054
62055
62070
62074
62075
62076
62088
62093
62094
62095
62100
62103
62112
62115
62116
62135
62136
62138
62139
62148
62149
62172
62178
62179
62190
62191
62193
62199
62205
62206
62207
62210
62211
62221
62225
62226
62235
62236
62237
62240
62242
62255
62259
62261
62263
62283
62292
62294
62296
62297
62299
62309
62310
62322
62335
62336
62364
62365
62366
62375
62376
62377
62379
62381
62402
62403
62410
62411
62412
62413
62414
62417
62428
62431
62433
62435
62440
62473
62476
62478
62479
62480
62482
62496
62497
62505
62517
62522
62523
62543
62545
62548
62549
62550
62553
62554
62562
62589
62590
62591
62617
62618
62633
62634
62643
62647
62664
62665
62667
62670
62671
62672
62674
62678
62679
62692
62693
62695
62697
62698
62699
62700
62723
62726
62729
62746
62761
62767
62793
62794
62795
62797
62798
62799
62825
62831
62834
62838
62840
62841
62844
62863
62867
62868
62873
62878
62882
62884
62887
62889
62906
62919
62921
62931
62948
62949
62962
62965
62971
62972
62980
63011
63013
63027
63030
63051
63059
63068
63074
63075
63076
63084
63086
63090
63092
63100
63103
63106
63107
63108
63118
63119
63120
63133
63136
63155
63156
63168
63169
63170
63184
63190
63193
63202
63203
63204
63210
63221
63222
63226
63232
63233
63246
63250
63252
63255
63257
63258
63275
63276
63290
63291
63293
63294
63296
63297
63304
63314
63315
63318
63321
63322
63323
63327
63328
63329
63337
63349
63364
63365
63374
63375
63376
63377
63378
63381
63384
63389
63390
63397
63400
63401
63402
63403
63413
63418
63420
63421
63424
63425
63426
63431
63433
63440
63441
63445
63446
63447
63451
63452
63454
63455
63458
63479
63483
63485
63487
63495
63498
63501
63505
63507
63511
63512
63513
63533
63535
63536
63541
63546
63548
63549
63551
63553
63555
63556
63557
63569
63570
63571
63572
63581
63582
63586
63598
63602
63613
63617
63618
63635
63640
63641
63643
63644
63654
63655
63656
63657
63661
63663
63664
63670
63672
63675
63693
63702
63711
63718
63719
63720
63728
63738
63742
63747
63764
63766
63767
63778
63780
63787
63788
63789
63792
63799
63803
63819
63822
63824
63828
63829
63831
63836
63840
63845
63846
63848
63849
63850
63853
63854
63855
63867
63868
63873
63880
63885
63886
63887
63888
63889
63896
63902
63903
63904
63920
63921
63922
63926
63927
63928
63935
63936
63937
63938
63940
63941
63947
63951
63952
63953
63957
63958
63959
63964
63965
63966
63974
63984
63985
63989
63990
64011
64012
64013
64018
64032
64033
64034
64036
64038
64041
64043
64045
64051
64052
64065
64066
64068
64070
64071
64081
64082
64083
64084
64089
64091
64092
64098
64099
64100
64101
64119
64121
64122
64124
64125
64126
64139
64147
64151
64155
64156
64163
64165
64189
64190
64191
64192
64196
64197
64199
64200
64201
64203
64208
64216
64219
64220
64221
64225
64226
64227
64228
64230
64231
64245
64247
64257
64260
64261
64262
64267
64277
64278
64284
64287
64289
64302
64306
64307
64314
64315
64320
64321
64324
64325
64326
64327
64330
64331
64332
64346
64347
64363
64364
64369
64370
64373
64375
64376
64382
64388
64391
64395
64396
64397
64398
64411
64412
64417
64418
64435
64436
64439
64442
64443
64452
64463
64464
64465
64466
64469
64470
64475
64478
64479
64480
64481
64484
64486
64489
64490
64500
64503
64508
64509
64510
64520
64521
64522
64525
64528
64529
64530
64531
64532
64533
64534
64535
64537
64555
64556
64560
64562
64571
64572
64577
64578
64579
64589
64590
64591
64593
64594
64604
64605
64610
64611
64612
64615
64616
64633
64635
64636
64638
64639
64641
64647
64650
64651
64654
64656
64660
64662
64663
64664
64666
64676
64677
64682
64684
64690
64701
64702
64704
64711
64714
64717
64718
64721
64745
64752
64754
64755
64758
64766
64771
64775
64776
64780
64788
64793
64794
64796
64797
64798
64799
64800
64804
64805
64808
64811
64823
64824
64825
64826
64827
64832
64847
64849
64850
64857
64858
64859
64860
64862
64863
64866
64869
64876
64879
64883
64884
64885
64886
64887
64888
64889
64899
64905
64910
64911
64912
64918
64933
64934
64935
64940
64953
64954
64955
64956
64957
64969
64973
64974
64988
64989
64992
64997
64999
65006
65007
65008
65012
65013
65018
65020
65027
65031
65034
65049
65050
65051
65054
65059
65061
65063
65064
65068
65082
65084
65098
65103
65111
65114
65115
65116
65119
65120
65121
65126
65133
65134
65136
65139
65144
65149
65154
65158
65159
65165
65166
65168
65176
65178
65183
65187
65193
65197
65201
65202
65203
65205
65210
65213
65215
65217
65223
65224
65233
65240
65241
65242
65258
65261
65263
65286
65287
65293
65303
65304
65305
65314
65316
65317
65320
65322
65325
65327
65329
65330
65332
65337
65338
65343
65347
65348
65352
65359
65360
65368
65370
65373
65376
65377
65395
65399
65413
65416
65422
65425
65428
65437
65438
65439
65442
65444
65445
65447
65451
65452
65454
65465
65474
65480
65485
65486
65488
65495
65504
65505
65506
65507
65511
65512
65520
65522
65523
65526
65529
65544
65550
65555
65558
65564
65569
65575
65577
65582
65583
65585
65586
65587
65588
65597
65609
65622
65623
65625
65626
65631
65632
65650
65663
65668
65669
65670
65672
65680
65681
65683
65685
65702
65703
65706
65707
65720
65721
65726
65734
65735
65738
65739
65750
65753
65754
65755
65770
65774
65776
65777
65785
65786
65787
65790
65799
65801
65802
65807
65808
65812
65813
65814
65815
65816
65819
65823
65824
65826
65835
65836
65837
65841
65842
65848
65851
65856
65859
65862
65872
65878
65880
65881
65889
65890
65892
65893
65900
65901
65903
65904
65937
65949
65951
65952
65953
65954
65956
65957
65958
65959
65961
65963
65964
65965
65966
65967
65968
65969
65970
65973
65974
65976
65980
65982
65983
65990
65993
65994
66000
66012
66014
66015
66021
66023
66025
66028
66029
66033
66035
66037
66039
66040
66046
66053
66054
66058
66062
66066
66068
66069
66070
66073
66080
66081
66095
66096
66105
66107
66110
66111
66112
66114
66116
66117
66120
66124
66125
66126
66131
66135
66142
66143
66155
66156
66166
66167
66168
66172
66173
66174
66181
66182
66184
66185
66188
66191
66192
66193
66194
66195
66196
66197
66198
66199
66200
66204
66208
66209
66210
66218
66220
66221
66222
66225
66226
66227
66239
66241
66242
66245
66251
66253
66255
66256
66257
66262
66269
66271
66272
66273
66276
66287
66290
66293
66294
66295
66296
66305
66317
66318
66325
66326
66329
66338
66348
66353
66362
66363
66364
66368
66370
66372
66373
66374
66380
66381
66384
66386
66388
66392
66397
66399
66400
66402
66403
66405
66408
66410
66413
66414
66415
66416
66427
66429
66430
66431
66432
66439
66440
66442
66447
66455
66456
66460
66469
66472
66473
66474
66476
66478
66479
66480
66481
66482
66487
66491
66492
66493
66494
66495
66502
66503
66504
66508
66512
66513
66514
66516
66522
66523
66524
66525
66526
66535
66536
66538
66539
66541
66550
66552
66553
66555
66558
66570
66576
66581
66583
66584
66585
66586
66587
66603
66604
66626
66627
66631
66632
66633
66646
66647
66655
66668
66676
66696
66697
66703
66715
66720
66721
66726
66735
66741
66743
66759
66760
66769
66776
66777
66779
66786
66794
66795
66809
66811
66813
66823
66825
66826
66827
66838
66839
66840
66841
66846
66850
66851
66852
66853
66854
66856
66859
66864
66865
66866
66876
66877
66878
66879
66880
66881
66883
66884
66885
66886
66887
66894
66895
66896
66897
66899
66903
66904
66912
66914
66921
66922
66923
66924
66927
66929
66930
66937
66938
66940
66952
66956
66957
66959
66973
66975
66978
66980
66997
66999
67005
67008
67015
67033
67039
67040
67049
67054
67057
67058
67059
67060
67062
67063
67073
67080
67081
67083
67099
67100
67111
67115
67116
67122
67123
67124
67130
67131
67135
67141
67143
67152
67154
67155
67156
67168
67174
67189
67190
67191
67192
67203
67217
67234
67235
67240
67243
67245
67247
67248
67252
67254
67256
67257
67258
67266
67268
67270
67272
67276
67289
67290
67300
67306
67313
67314
67321
67322
67327
67341
67345
67347
67348
67354
67356
67359
67371
67375
67376
67378
67379
67380
67381
67384
67388
67389
67396
67397
67406
67414
67415
67416
67423
67429
67440
67441
67443
67461
67464
67474
67480
67494
67498
67503
67504
67507
67510
67511
67513
67521
67522
67523
67529
67531
67533
67543
67544
67551
67558
67559
67561
67570
67578
67579
67581
67588
67596
67601
67606
67633
67638
67651
67652
67653
67658
67662
67668
67673
67679
67680
67683
67691
67698
67702
67703
67704
67716
67722
67724
67730
67731
67733
67739
67740
67741
67754
67766
67771
67778
67779
67780
67782
67788
67790
67791
67804
67809
67813
67815
67827
67829
67833
67835
67837
67846
67847
67852
67860
67873
67877
67878
67883
67885
67887
67888
67911
67914
67919
67920
67922
67923
67929
67948
67958
67971
67973
67983
67987
67997
67999
68023
68024
68046
68053
68054
68059
68062
68063
68065
68066
68091
68101
68131
68140
68141
68167
68168
68169
68170
68179
68185
68188
68190
68217
68218
68219
68221
68245
68246
68247
68248
68252
68253
68254
68259
68270
68278
68279
68282
68303
68304
68307
68312
68314
68315
68316
68328
68329
68330
68337
68340
68343
68345
68361
68365
68381
68382
68387
68414
68420
68421
68422
68424
68448
68449
68450
68473
68475
68490
68492
68508
68512
68517
68523
68526
68538
68551
68553
68580
68581
68584
68585
68586
68588
68591
68594
68621
68670
68682
68683
68687
68696
68697
68705
68720
68726
68727
68728
68730
68740
68757
68767
68793
68795
68818
68840
68844
68850
68851
68853
68854
68874
68880
68891
68914
68916
68935
68936
68949
68950
68983
68985
69018
69019
69020
69022
69023
69040
69048
69087
69099
69101
69104
69105
69139
69146
69147
69168
69181
69186
69224
69256
69260
69261
69274
69290
69307
69315
69327
69328
69347
69349
69351
69352
69372
69380
69382
69383
69384
69395
69403
69410
69411
69433
69444
69458
69460
69461
69465
69466
69481
69489
69498
69499
69501
69512
69520
69521
69541
69580
69596
69623
69627
69632
69637
69641
69651
69661
69663
69675
69676
69677
69678
69680
69682
69698
69710
69711
69743
69767
69769
69793
69797
69798
69801
69808
69809
69827
69835
69836
69837
69845
69847
69848
69853
69856
69874
69878
69889
69890
69896
69922
69923
69928
69946
69950
69951
69952
69953
69959
69960
69981
69988
69992
70000
70002
70004
70020
70031
70032
70033
70048
70051
70059
70060
70072
70101
70125
70126
70127
70128
70129
70194
70202
70222
70236
70237
70238
70240
70241
70266
70267
70268
70269
70273
70278
70282
70305
70310
70324
70327
70329
70330
70332
70333
70335
70360
70367
70369
70393
70395
70399
70409
70422
70426
70444
70445
70470
70477
70486
70497
70504
70506
70521
70522
70524
70555
70557
70560
70561
70562
70564
70569
70577
70586
70587
70598
70603
70604
70608
70623
70635
70638
70662
70679
70681
70694
70695
70718
70719
70720
70730
70737
70746
70747
70749
70750
70766
70767
70768
70769
70770
70774
70775
70776
70777
70778
70795
70805
70808
70809
70810
70824
70825
70829
70836
70839
70845
70847
70854
70855
70857
70860
70885
70886
70888
70889
70890
70891
70893
70905
70914
70915
70918
70924
70925
70945
70950
70951
70952
70966
70974
70975
71004
71013
71014
71016
71023
71041
71042
71046
71068
71069
71070
71077
71078
71104
71106
71108
71109
71129
71154
71163
71191
71193
71194
71196
71197
71231
71232
71242
71257
71261
71273
71276
71285
71286
71287
71289
71290
71307
71311
71323
71344
71345
71351
71371
71391
71394
71395
71396
71397
71398
71403
71418
71435
71452
71468
71469
71470
71472
71473
71475
71476
71477
71478
71481
71495
71501
71502
71505
71506
71507
71541
71545
71547
71548
71570
71571
71572
71573
71575
71577
71603
71605
71626
71674
71676
71684
71689
71690
71703
71722
71724
71757
71759
71770
71773
71775
71788
71789
71790
71796
71812
71817
71826
71831
71832
71835
71836
71852
71853
71854
71856
71864
71874
71875
71876
71877
71878
71881
71920
71921
71925
71926
71943
71953
71965
71968
71988
71990
71991
71997
72025
72026
72028
72029
72031
72054
72055
72056
72066
72080
72081
72084
72087
72088
72100
72110
72112
72114
72115
72123
72136
72144
72156
72157
72165
72171
72175
72176
72177
72202
72203
72204
72208
72209
72226
72227
72231
72232
72237
72238
72254
72255
72256
72260
72262
72263
72290
72293
72299
72313
72317
72322
72323
72324
72325
72333
72334
72342
72343
72347
72353
72354
72371
72397
72400
72401
72411
72415
72421
72426
72437
72445
72446
72468
72470
72474
72497
72503
72525
72531
72547
72548
72551
72570
72613
72616
72620
72626
72630
72632
72645
72649
72662
72663
72665
72670
72686
72687
72688
72725
72726
72727
72729
72738
72758
72775
72789
72817
72821
72822
72834
72866
72879
72881
72884
72895
72919
72922
72924
72925
72938
72945
72959
72965
72979
72980
72982
72992
73005
73006
73010
73019
73021
73029
73031
73045
73050
73053
73054
73061
73065
73069
73074
73077
73078
73086
73087
73093
73094
73106
73108
73111
73131
73132
73135
73137
73138
73139
73143
73151
73152
73164
73165
73167
73168
73169
73170
73171
73182
73221
73224
73225
73229
73236
73237
73240
73262
73263
73283
73284
73287
73288
73299
73303
73306
73307
73308
73327
73330
73331
73349
73369
73370
73372
73377
73378
73386
73393
73396
73407
73408
73423
73431
73443
73464
73465
73483
73486
73498
73499
73500
73501
73502
73512
73513
73526
73546
73551
73556
73566
73569
73571
73572
73573
73574
73578
73579
73580
73581
73582
73583
73584
73587
73594
73601
73602
73605
73617
73620
73640
73641
73642
73645
73650
73652
73654
73662
73667
73669
73672
73681
73682
73697
73709
73716
73719
73723
73724
73729
73733
73737
73739
73754
73755
73757
73758
73759
73760
73771
73773
73777
73778
73787
73788
73797
73802
73813
73819
73822
73823
73827
73832
73838
73839
73840
73841
73846
73849
73873
73874
73875
73888
73890
73895
73896
73923
73925
73926
73927
73930
73931
73932
73936
73942
73953
73954
73955
73964
73971
73972
73981
73984
73989
74001
74005
74007
74044
74051
74054
74055
74056
74059
74060
74067
74070
74071
74075
74076
74089
74090
74091
74092
74095
74097
74110
74130
74131
74142
74162
74163
74172
74217
74221
74235
74237
74238
74241
74267
74287
74288
74289
74301
74304
74305
74306
74311
74320
74325
74326
74327
74329
74341
74355
74356
74357
74358
74359
74367
74368
74375
74377
74380
74393
74402
74407
74418
74421
74422
74423
74437
74453
74459
74467
74468
74485
74493
74500
74522
74532
74546
74547
74553
74554
74555
74556
74557
74558
74563
74580
74582
74583
74602
74607
74608
74610
74611
74612
74627
74635
74636
74637
74638
74646
74650
74652
74653
74654
74655
74659
74674
74675
74677
74678
74679
74680
74681
74682
74683
74690
74697
74698
74700
74702
74704
74720
74729
74730
74731
74732
74748
74751
74755
74760
74761
74762
74763
74770
74798
74816
74819
74820
74827
74828
74832
74856
74859
74870
74872
74888
74890
74892
74893
74895
74920
74927
74928
74929
74930
74932
74933
74934
74949
74952
74953
74967
74977
74978
74979
74985
74989
74990
74991
74992
74996
74997
74998
75010
75020
75021
75030
75037
75039
75054
75057
75074
75076
75077
75091
75100
75105
75121
75130
75131
75144
75151
75158
75169
75195
75218
75232
75241
75242
75243
75264
75265
75270
75272
75277
75292
75293
75295
75297
75313
75314
75316
75320
75332
75339
75340
75343
75347
75349
75350
75364
75368
75369
75370
75372
75374
75388
75396
75398
75401
75402
75416
75426
75428
75429
75431
75458
75463
75464
75475
75477
75481
75482
75485
75486
75487
75494
75504
75510
75515
75525
75530
75532
75533
75541
75548
75556
75559
75561
75562
75565
75570
75589
75594
75607
75608
75635
75637
75639
75649
75652
75655
75656
75657
75672
75674
75675
75688
75692
75695
75700
75707
75713
75715
75725
75727
75738
75739
75741
75743
75745
75746
75747
75748
75749
75757
75758
75769
75771
75772
75774
75778
75779
75780
75781
75782
75792
75794
75799
75800
75803
75809
75810
75811
75812
75813
75829
75830
75831
75834
75836
75842
75843
75848
75859
75869
75872
75873
75874
75876
75877
75880
75895
75906
75907
75908
75909
75917
75921
75922
75927
75930
75937
75938
75939
75942
75943
75945
75946
75947
75948
75949
75951
75958
75973
75975
75979
75980
75981
75994
75996
76012
76016
76030
76033
76034
76035
76036
76037
76040
76043
76047
76057
76060
76063
76065
76067
76074
76085
76086
76087
76100
76106
76108
76113
76114
76119
76120
76121
76122
76125
76132
76133
76138
76140
76142
76143
76144
76146
76150
76153
76162
76165
76168
76170
76173
76174
76175
76180
76185
76186
76187
76192
76199
76207
76208
76209
76217
76219
76220
76228
76245
76247
76248
76249
76251
76254
76255
76262
76267
76273
76277
76282
76283
76289
76290
76293
76294
76305
76310
76312
76316
76319
76321
76322
76323
76335
76341
76347
76350
76351
76352
76354
76362
76364
76368
76377
76379
76380
76382
76383
76387
76390
76403
76408
76410
76419
76421
76427
76428
76432
76433
76435
76437
76454
76462
76466
76467
76478
76485
76495
76496
76502
76504
76505
76507
76515
76517
76518
76519
76524
76525
76530
76532
76539
76540
76542
76550
76551
76552
76553
76555
76557
76566
76567
76568
76569
76571
76583
76585
76586
76589
76590
76595
76596
76597
76622
76623
76625
76628
76632
76633
76645
76647
76652
76653
76658
76659
76660
76661
76663
76664
76673
76676
76682
76683
76684
76686
76695
76697
76705
76706
76715
76723
76724
76731
76735
76736
76745
76746
76747
76748
76752
76761
76763
76772
76773
76779
76780
76784
76785
76788
76789
76792
76793
76794
76795
76796
76797
76798
76799
76805
76809
76810
76811
76812
76830
76836
76837
76846
76851
76852
76854
76864
76865
76867
76868
76875
76878
76879
76880
76882
76886
76895
76900
76901
76902
76903
76906
76907
76913
76914
76921
76924
76925
76926
76927
76928
76932
76939
76940
76941
76945
76949
76950
76951
76953
76954
76960
76962
76965
76971
76972
76973
76981
76982
76983
76988
76990
76991
76992
76994
77004
77006
77007
77008
77009
77013
77019
77025
77026
77028
77040
77041
77042
77054
77056
77066
77075
77077
77089
77091
77096
77102
77103
77104
77105
77106
77108
77112
77114
77124
77130
77132
77133
77146
77154
77156
77159
77164
77167
77170
77172
77173
77175
77178
77181
77188
77189
77190
77196
77198
77200
77202
77208
77210
77213
77214
77215
77222
77248
77249
77253
77257
77258
77261
77266
77270
77271
77275
77277
77282
77283
77291
77295
77301
77302
77303
77308
77310
77311
77315
77336
77340
77342
77349
77352
77365
77366
77368
77370
77382
77384
77385
77386
77388
77389
77391
77392
77400
77401
77403
77411
77413
77414
77430
77431
77432
77433
77434
77437
77438
77439
77447
77451
77463
77464
77467
77472
77481
77485
77486
77487
77488
77495
77499
77501
77502
77503
77504
77512
77513
77515
77520
77521
77537
77538
77539
77540
77541
77544
77549
77550
77552
77564
77565
77566
77570
77571
77573
77581
77584
77585
77586
77594
77596
77601
77602
77607
77608
77610
77614
77615
77622
77624
77626
77628
77641
77648
77651
77652
77654
77655
77656
77657
77658
77676
77678
77679
77682
77683
77684
77699
77703
77730
77747
77761
77765
77792
77796
77807
77811
77812
77828
77860
77881
77896
77904
77906
77907
77932
77938
77945
77947
77966
77967
77972
77976
77978
77979
77980
77982
78010
78011
78012
78025
78030
78031
78035
78037
78041
78042
78044
78048
78052
78053
78055
78061
78064
78065
78068
78072
78076
78079
78091
78092
78101
78103
78105
78106
78107
78109
78116
78121
78124
78128
78129
78130
78131
78132
78133
78135
78162
78169
78173
78177
78178
78183
78190
78191
78196
78198
78201
78205
78210
78213
78226
78227
78229
78230
78234
78235
78236
78239
78241
78242
78243
78244
78245
78248
78249
78251
78260
78267
78279
78296
78324
78325
78327
78333
78334
78335
78336
78337
78338
78339
78341
78343
78346
78347
78348
78349
78351
78352
78353
78354
78355
78356
78357
78358
78359
78360
78362
78363
78364
78365
78366
78367
78368
78370
78371
78372
78373
78374
78375
78376
78377
78378
78379
78380
78381
78382
78383
78384
78385
78386
78387
78388
78389
78390
78391
78392
78393
78394
78395
78396
78397
78398
78399
78400
78401
78402
78403
78404
78405
78406
78407
78408
78409
78410
78411
78412
78413
78414
78415
78417
78418
78419
78420
78421
78422
78423
78424
78425
78426
78427
78428
78429
78430
78431
78432
78433
78434
78435
78436
78437
78438
78439
78440
78441
78442
78443
78444
78445
78446
78447
78448
78449
78455
78456
78457
78460
78461
78462
78463
78464
78465
78466
78467
78468
78469
78470
78471
78472
78473
78474
78475
78476
78477
78478
78479
78480
78481
78482
78483
78484
78485
78486
78487
78488
78489
78490
78491
78493
78494
78495
78497
78498
78499
78500
78501
78503
78504
78505
78506
78507
78508
78509
78510
78511
78512
78513
78514
78515
78516
78517
78518
78519
78520
78521
78522
78523
78524
78525
78526
78527
78528
78529
78530
78531
78532
78533
78534
78535
78536
78537
78538
78539
78540
78541
78542
78543
78544
78545
78546
78547
78548
78549
78550
78551
78552
78553
78554
78555
78556
78557
78558
78559
78560
78561
78562
78563
78564
78565
78566
78567
78568
78570
78571
78572
78573
78574
78575
78576
78577
78578
78579
78580
78581
78582
78583
78584
78585
78586
78587
78588
78589
78590
78591
78592
78593
78594
78595
78596
78597
78598
78599
78600
78601
78602
78603
78604
78605
78606
78607
78608
78609
78610
78611
78612
78613
78614
78615
78616
78617
78618
78619
78620
78621
78622
78623
78624
78625
78626
78627
78628
78629
78630
78631
78632
78633
78634
78635
78636
78637
78638
78639
78640
78641
78642
78643
78644
78645
78646
78647
78648
78649
78650
78651
78652
78653
78654
78655
78656
78657
78658
78659
78660
78661
78662
78663
78664
78665
78666
78667
78668
78669
78670
78671
78672
78673
78674
78675
78676
78677
78678
78679
78681
78682
78683
78684
78685
78686
78687
78688
78689
78690
78691
78692
78693
78694
78695
78696
78697
78698
78699
78700
78701
78702
78703
78704
78705
78706
78707
78708
78709
78710
78711
78712
78713
78714
78715
78716
78717
78718
78719
78720
78721
78722
78723
78724
78725
78726
78727
78730
78731
78732
78733
78734
78735
78736
78737
78738
78739
78740
78741
78742
78746
78747
78748
78749
78750
78751
78752
78753
78754
78755
78756
78762
78763
78770
78777
78808
78809
78850
78914
78921
78959
78960
78961
78963
78978
78988
78989
78998
79000
79003
79006
79007
79008
79011
79012
79016
79024
79025
79027
79028
79029
79030
79075
79076
79077
79078
79079
79080
79081
79082
79083
79084
79085
79086
79087
79088
79089
79090
79091
79092
79093
79094
79095
79096
79097
79098
79099
79100
79102
79103
79104
79105
79113
79114
79115
79116
79117
79118
79119
79120
79121
79122
79123
79124
79125
79126
79127
79128
79129
79130
79131
79132
79133
79134
79135
79136
79137
79138
79139
79140
79141
79142
79143
79144
79145
79146
79147
79148
79149
79150
79151
79152
79153
79154
79155
79156
79157
79158
79159
79160
79161
79163
79164
79166
79168
79169
79170
79171
79172
79173
79174
79175
79176
79177
79178
79179
79180
79181
79182
79189
79190
79191
79192
79193
79194
79195
79196
79197
79198
79205
79206
79207
79208
79209
79210
79211
79212
79213
79214
79215
79216
79219
79220
79221
79222
79223
79224
79225
79226
79227
79228
79229
79230
79231
79232
79233
79234
79235
79236
79237
79238
79239
79240
79241
79242
79243
79244
79245
79246
79247
79248
79249
79250
79251
79252
79253
79254
79255
79256
79257
79258
79259
79260
79261
79262
79263
79264
79265
79266
79267
79268
79269
79270
